[[ 6  2  0  0  0  0  0  0  0  3]
 [ 1 21  1  0  0  0  0  0  0  1]
 [ 0 13 65 13  1  0  0  0  0  0]
 [ 0  1 13 55 28  3  0  0  0  0]
 [ 0  0  0 17 78 37  0  0  0  0]
 [ 0  0  0  0  0  0  0  0  0  0]
 [ 0  0  0  0  0  0  0  0  0  0]
 [ 0  0  0  0  0  0  0  0  0  0]
 [ 0  0  0  0  0  0  0  0  0  0]
 [ 0  0  0  0  0  0  0  0  0  1]]
accuracy:0.8810525783161196
standard deviation of score differences:0.3366616895495652
LCC: (0.9205231242519071, 3.432749492185794e-148)
SRCC: SpearmanrResult(correlation=0.9020756542997307, pvalue=1.0480497320608934e-132)
 
